<?xml version="1.0"?>
<opencv_storage>
<H type_id="opencv-matrix">
  <rows>3</rows>
  <cols>3</cols>
  <dt>d</dt>
  <data>
    -3.2876862162891418e-01 3.2759180464205617e-02
    1.9388684478291830e+02 3.3722068873728779e-03
    -3.3601361784086286e-04 -5.2698514811586438e+02
    4.4649869114526182e-05 -2.3396416098916632e-03 1.</data></H>
<RH type_id="opencv-matrix">
  <rows>3</rows>
  <cols>3</cols>
  <dt>d</dt>
  <data>
    1.6050787961404508e+03 6.3300974679137198e+02 2.2383071759999999e+04
    3.5011867220851329e+01 4.3914545237720444e+02 2.2463479079999999e+05
    1.0248663223733393e-02 9.9917917083395125e-01 0.</data></RH>
</opencv_storage>
